55.076, -22.386, 74.972
55.054, -21.386, 74.972
55.033, -20.386, 74.987
55.012, -19.387, 74.987
54.992, -18.387, 74.997
54.972, -17.387, 74.997
54.952, -16.387, 74.981
54.932, -15.387, 74.981
54.911, -14.388, 74.963
54.89, -13.388, 74.963
54.868, -12.388, 74.944
54.846, -11.388, 74.924
54.822, -10.389, 74.924
54.798, -9.389, 74.903
54.771, -8.389, 74.903
54.743, -7.39, 74.88
54.714, -6.39, 74.88
54.681, -5.391, 74.856
54.647, -4.391, 74.83
54.609, -3.392, 74.83
54.569, -2.393, 74.802
54.526, -1.394, 74.802
54.478, -0.395, 74.772
54.427, 0.604, 74.74
54.372, 1.602, 74.74
54.311, 2.6, 74.705
54.247, 3.598, 74.668
54.175, 4.596, 74.668
54.098, 5.593, 74.629
54.017, 6.59, 74.586
53.925, 7.585, 74.586
53.828, 8.581, 74.54
53.725, 9.575, 74.491
53.609, 10.568, 74.491
53.486, 11.561, 74.438
53.355, 12.552, 74.381
53.211, 13.542, 74.381
53.056, 14.53, 74.32
52.89, 15.516, 74.256
52.714, 16.5, 74.256
52.519, 17.481, 74.186
52.311, 18.459, 74.113
52.089, 19.434, 74.035
51.853, 20.406, 73.953
51.595, 21.372, 73.953
51.319, 22.333, 73.868
51.025, 23.289, 73.779
50.711, 24.238, 73.687
50.377, 25.18, 73.594
50.016, 26.113, 73.594
49.631, 27.036, 73.5
49.221, 27.948, 73.406
48.786, 28.848, 73.315
48.325, 29.736, 73.228
47.836, 30.608, 73.147
47.32, 31.464, 73.074
46.772, 32.301, 73.074
46.193, 33.116, 73.012
45.586, 33.91, 72.962
44.949, 34.681, 72.926
44.284, 35.427, 72.905
43.59, 36.148, 72.901
42.87, 36.841, 72.913
42.124, 37.507, 72.941
41.353, 38.144, 72.984
40.556, 38.747, 72.984
39.736, 39.32, 73.04
38.897, 39.863, 73.109
38.039, 40.377, 73.188
37.165, 40.863, 73.274
36.276, 41.321, 73.366
35.371, 41.745, 73.366
34.453, 42.141, 73.46
33.524, 42.512, 73.557
32.587, 42.86, 73.653
31.639, 43.18, 73.653
30.683, 43.473, 73.747
29.722, 43.747, 73.838
28.755, 44.003, 73.838
27.781, 44.228, 73.926
26.803, 44.439, 74.009
25.823, 44.634, 74.009
24.837, 44.803, 74.087
23.849, 44.96, 74.161
22.859, 45.1, 74.161
21.867, 45.221, 74.229
20.873, 45.334, 74.293
19.877, 45.425, 74.293
18.881, 45.508, 74.352
17.883, 45.575, 74.352
16.885, 45.631, 74.406
15.886, 45.677, 74.406
14.886, 45.708, 74.455
13.887, 45.733, 74.455
12.887, 45.743, 74.501
11.887, 45.748, 74.501
10.887, 45.738, 74.543
9.887, 45.726, 74.543
8.887, 45.698, 74.581
7.888, 45.668, 74.581
6.889, 45.626, 74.616
5.89, 45.579, 74.616
4.891, 45.523, 74.647
3.893, 45.461, 74.647
2.896, 45.394, 74.676
1.899, 45.317, 74.676
0.902, 45.239, 74.703
-0.094, 45.148, 74.703
-1.09, 45.057, 74.703
-2.085, 44.957, 74.727
-3.08, 44.853, 74.727
-4.074, 44.745, 74.749
-5.067, 44.629, 74.749
-6.06, 44.513, 74.749
-7.052, 44.387, 74.769
-8.044, 44.259, 74.769
-9.036, 44.128, 74.787
-10.026, 43.989, 74.787
-11.016, 43.85, 74.787
-12.005, 43.705, 74.804
-12.994, 43.555, 74.804
-13.983, 43.405, 74.804
-14.97, 43.247, 74.82
-15.958, 43.088, 74.82
-16.945, 42.928, 74.82
-17.93, 42.76, 74.83
-18.916, 42.592, 74.83
-19.9, 42.413, 74.594
-20.884, 42.232, 74.594
-21.867, 42.05, 74.543
-22.846, 41.848, 74.543
-23.826, 41.647, 74.543
-24.804, 41.438, 74.486
-25.778, 41.214, 74.486
-26.753, 40.991, 74.486
-27.724, 40.75, 74.42
-28.693, 40.503, 74.42
-29.66, 40.25, 74.344
-30.622, 39.978, 74.344
-31.584, 39.705, 74.344
-32.54, 39.41, 74.257
-33.494, 39.11, 74.257
-34.442, 38.794, 74.159
-35.387, 38.465, 74.159
-36.326, 38.124, 74.046
-37.26, 37.764, 74.046
-38.188, 37.393, 73.917
-39.108, 37, 73.917
-40.021, 36.593, 73.773
-40.925, 36.166, 73.773
-41.819, 35.718, 73.61
-42.705, 35.254, 73.61
-43.574, 34.759, 73.43
-44.435, 34.252, 73.232
-45.274, 33.708, 73.232
-46.099, 33.143, 73.019
-46.909, 32.556, 73.019
-47.686, 31.928, 72.795
-48.444, 31.276, 72.566
-49.179, 30.597, 72.34
-49.873, 29.878, 72.34
-50.532, 29.126, 72.127
-51.156, 28.345, 71.94
-51.739, 27.533, 71.79
-52.272, 26.687, 71.79
-52.748, 25.808, 71.687
-53.172, 24.903, 71.638
-53.54, 23.974, 71.646
-53.853, 23.025, 71.709
-54.107, 22.058, 71.821
-54.303, 21.077, 71.973
-54.433, 20.086, 71.973
-54.508, 19.089, 72.153
-54.53, 18.09, 72.351
-54.504, 17.09, 72.558
-54.432, 16.093, 72.764
-54.318, 15.1, 72.964
-54.154, 14.113, 72.964
-53.954, 13.134, 73.155
-53.722, 12.161, 73.332
-53.461, 11.196, 73.496
-53.167, 10.24, 73.496
-52.843, 9.294, 73.645
-52.499, 8.356, 73.78
-52.134, 7.424, 73.902
-51.743, 6.504, 73.902
-51.333, 5.592, 74.012
-50.91, 4.686, 74.11
-50.467, 3.79, 74.11
-50.009, 2.901, 74.198
-49.54, 2.018, 74.277
-49.055, 1.143, 74.277
-48.558, 0.275, 74.348
-48.053, -0.588, 74.412
-47.533, -1.442, 74.412
-47.006, -2.292, 74.469
-46.471, -3.137, 74.469
-45.925, -3.975, 74.521
-45.374, -4.809, 74.569
-44.814, -5.637, 74.569
-44.247, -6.461, 74.612
-43.675, -7.281, 74.612
-43.095, -8.096, 74.651
-42.512, -8.909, 74.687
-41.921, -9.715, 74.687
-41.327, -10.52, 74.72
-40.728, -11.32, 74.72
-40.124, -12.118, 74.751
-39.518, -12.913, 74.751
-38.906, -13.704, 74.78
-38.293, -14.493, 74.807
-37.674, -15.279, 74.807
-37.054, -16.064, 74.832
-36.43, -16.845, 74.832
-35.805, -17.625, 74.857
-35.177, -18.404, 74.857
-34.546, -19.18, 74.88
-33.914, -19.955, 74.88
-33.28, -20.728, 74.694
-32.645, -21.5, 73.777
-32.008, -22.271, 72.848
-31.37, -23.041, 71.907
-30.731, -23.81, 70.953
-30.091, -24.579, 69.987
-29.45, -25.347, 69.007
-28.809, -26.114, 68.013
-28.168, -26.882, 67.004
-27.527, -27.649, 65.98
-26.885, -28.416, 64.94
-26.244, -29.183, 63.883
-25.603, -29.951, 62.808
-24.963, -30.719, 61.714
-24.324, -31.488, 60.6
-23.685, -32.258, 59.466
-23.048, -33.029, 58.309
-22.412, -33.8, 57.13
-21.779, -34.574, 55.925
-21.146, -35.349, 54.694
-20.516, -36.125, 53.434
-19.889, -36.904, 52.144
-19.263, -37.684, 50.821
-18.642, -38.468, 49.463
-18.023, -39.253, 48.066
-17.408, -40.041, 46.628
-16.797, -40.833, 45.144
-16.189, -41.627, 43.609
-15.588, -42.427, 42.019
-14.992, -43.229, 40.366
-14.4, -44.035, 38.642
-13.817, -44.848, 36.837
-13.239, -45.664, 34.94
-12.669, -46.486, 32.933
-12.11, -47.314, 30.796
-11.558, -48.148, 28.499
-11.015, -48.988, 26
-10.456, -49.884, 0
-10.456, -49.884, 0
0.127, -66.855, 0
endData
68.1
75
200
55.076, -22.386, 53.975, 27.229, 56.225, 55.661, -19.047, 42.57
-19.047, 42.57, -94.319, 29.479, -29.377, -18.998, -10.456, -49.884
#PATH.JERRYIO-DATA {"appVersion":"0.8.3","format":"LemLib v0.5","gc":{"robotWidth":12.5,"robotHeight":12,"robotIsHolonomic":false,"showRobot":true,"uol":2.54,"pointDensity":1,"controlMagnetDistance":1.968503937007874,"fieldImage":{"displayName":"V5RC 2025 - High Stakes","signature":"V5RC 2025 - High Stakes","origin":{"__type":"built-in"}},"coordinateSystem":"VEX Gaming Positioning System"},"paths":[{"segments":[{"controls":[{"uid":"Zhq3SVACoy","x":55.076,"y":-22.386,"lock":false,"visible":true,"heading":0,"__type":"end-point"},{"uid":"6YYMIGyRiJ","x":53.97516731618279,"y":27.228946010043405,"lock":false,"visible":true,"__type":"control"},{"uid":"LpKjRPFe6l","x":56.225155342854045,"y":55.66061289252563,"lock":false,"visible":true,"__type":"control"},{"uid":"XkBsggoKeD","x":-19.047171367602477,"y":42.56977346462014,"lock":false,"visible":true,"heading":0,"__type":"end-point"}],"speedProfiles":[],"lookaheadKeyframes":[],"uid":"tWOhB8HZAx"},{"controls":[{"uid":"XkBsggoKeD","x":-19.047171367602477,"y":42.56977346462014,"lock":false,"visible":true,"heading":0,"__type":"end-point"},{"uid":"girWDm1EdO","x":-94.319498078059,"y":29.478934036714655,"lock":false,"visible":true,"__type":"control"},{"uid":"ZDipyumm5l","x":-29.376661853684148,"y":-18.99808071974783,"lock":false,"visible":true,"__type":"control"},{"uid":"JO36WjMUuW","x":-10.456307993039506,"y":-49.88427999496233,"lock":false,"visible":true,"heading":0,"__type":"end-point"}],"speedProfiles":[],"lookaheadKeyframes":[],"uid":"hofCsrRTMB"}],"pc":{"speedLimit":{"minLimit":{"value":0,"label":"0"},"maxLimit":{"value":127,"label":"127"},"step":1,"from":26,"to":75},"bentRateApplicableRange":{"minLimit":{"value":0,"label":"0"},"maxLimit":{"value":1,"label":"1"},"step":0.001,"from":0,"to":0.358},"maxDecelerationRate":68.1},"name":"Path","uid":"ovA0BFAnJl","lock":false,"visible":true}]}